ujx6v.json C4nlcmmt8X0 6565 4346 0 913 298295 4.9598765 4 0
uk5wv.json BEwY8uZ4BAI 5861 4696 0 1924 3076893 4.3623447 9 0
ukad5.json _bIn_ZgHJaE 1569 556 0 108 273786 4.968992 4 0
ukcls.json VjkM2YKqYMU 524 88 0 96 63783 4.9450173 11 0
ukfdz.json FkCmzQLv7BQ 1665 566 0 128 571510 4.914234 2 1
ukhng.json MFj6Mt4z3aE 744 247 0 126 371583 4.830703 2 0
uki2t.json so5TlXOkpHI 925 263 0 53 67507 4.951904 11 1
uki7o.json HJVWjCVnVzU 18834 16825 0 1681 1319227 0 4 1
uki8u.json a_pwr4mlNhw 435 100 0 32 58794 4.7016573 4 0
uklfk.json e79SuHotazs 895 276 0 29 652562 4.8687153 4 1
ukm62.json RuN-tFvgRc0 446 132 0 21 1479420 4.9516716 5 1
ul4yc.json arTnX8tF2_s 1325 396 0 135 143420 4.981595 5 0
ul51m.json YjwIJyrZFlA 382 77 0 19 785547 4.8861175 2 1
ul7zg.json QsG-5Imiry0 328 128 0 34 474494 4.807396 2 1
ulfpc.json FcMRkyoHKeA 226 95 0 40 3868452 4.9604816 6 1
ulg48.json mAykhRU0RPk 3456 1869 0 396 236125 4.9621544 9 0
ulk32.json XjqYlvUgJQ8 351 67 0 30 92006 4.9810624 4 0
ulmmg.json e2kO8v_BUAg 140 43 0 68 414383 4.857143 4 0
uloan.json 8ZYkj0glnqs 1690 543 0 354 2094012 4.9308934 6 1
ulsnf.json TBsGzFO7cOY 299 135 1 81 104328 4.8088236 4 0
uluy9.json aeRZUjgLlIw 215 138 0 34 18367 4.663158 4 1
um03s.json GWYRfGDx9xc 1306 534 0 101 633569 4.668605 1 1
um261.json vmd1qMN5Yo0 1085 378 0 93 163192 4.9665737 2 1
um4o4.json Bt9zSfinwFA 3464 1571 0 205 896764 4.9722652 4 1
um50m.json 3u3QiPIcMCg 1972 990 0 181 107312 4.9155674 14 1
um66n.json H7leMctSTMc 6353 4335 0 475 1513844 4.9435215 0 1
umawy.json 4eBFI4Ck-eI 530 159 0 69 463496 4.933848 2 1
umdqc.json spMaP-_Cq_8 1158 318 0 221 82263 4.739645 7 0
umdwv.json v6iHCFiSqIw 285 51 0 28 2435335 4.9546523 4 1
umigv.json pOPJxBjHkgc 2856 1261 0 259 921706 4.9355845 5 1
umlep.json HcXNPI-IPPM 4760 3452 1 940 1606815 4.7501664 8 1
umn85.json qp_qxKWMsVw 410 49 0 73 171538 4.974512 1 0
ump50.json 7lzf8kfHY6A 220 54 0 25 98827 4.9565215 11 1
umrx5.json gof9S68kpwU 588 118 0 62 126495 4.9119496 1 1
umzxc.json i31tVWLKIOI 146 73 0 87 160907 2.825896 2 0
un5vn.json 6VoiR0WIVpg 109 36 0 10 10675 4.891892 2 1
un8zg.json QNU1VZVDy6Q 65 10 0 14 21746 4.7647057 10 1
un94k.json ZP2BgVFT2cA 7728 6360 0 856 346913 4.652491 2 0
unh8z.json tGQWBfF_7HY 146 51 0 10 5262 4.5061727 4 0
unoyf.json 4Z9rM8ChTjY 26 3 0 3 1353563 4.929897 13 1
unsd6.json IdHM55XDhJ0 10 1 0 1 143447 4.8920865 3 1
unvv9.json 08ABF5llOEY 2122 1129 0 187 948659 4.8525596 11 1
uny55.json amNF_F6oeRU 822 218 0 127 721998 4.9620967 2 1
uo59x.json 9BWJlZak-TI 1104 356 0 148 213026 4.736611 2 1
uo6hp.json nz1ERsyCsoo 1203 636 0 118 86628 0 4 0
uofmx.json JnRsYAbEWVs 724 154 0 79 107401 4.8724084 12 0
uohs4.json uRMmHbHxBY0 557 210 0 104 808292 4.726981 2 0
uom5m.json 94Yyv0iUppU 923 501 0 303 283252 2.1754942 8 0
uoo8m.json TywmpMQYojs 266 51 0 9 18553526 4.94385 4 1
uoqlo.json 7yhbaYH0SwE 3205 1482 0 486 147964 4.9043064 5 1
uoxss.json yAiqBTlks8I 773 239 0 85 136863 4.969397 4 1
up634.json KUP5ofaO8tU 112 37 0 8 30067 4.8344827 6 0
up8e8.json Yh0AhrY9GjA 6405 4786 0 1087 2245959 4.7670693 11 0
upa7k.json NfmQaFL7gIE 102 20 0 7 33740 4.9497485 8 1
upift.json KvZix38meQs 5028 3055 0 384 3091264 4.963569 11 1
upj6k.json iXT2E9Ccc8A 13 0 0 0 2076842 4.9589486 4 0
uplec.json 3b7chdJaXMg 16 3 0 3 206563 4.7217393 2 1
